1 0.00000000000000000000
2 1.00000000000000000000
3 2.00000000000000000000
4 2.99000000000000021316
5 3.96000000000000040856
6 4.90010000000000012221
7 5.80060000000000020037
8 6.65209900000000065035
9 7.44559200000000132036
10 8.17256401000000209933
11 8.82508010000000275852
12 9.39587054990000325461
13 9.87841019880000281717
14 10.26699114220100206296
15 10.55678798361400261285
16 10.74391491360499273355
17 10.82547396375984227745
18 10.79959386477864313747
19 10.66545902615984431350
20 10.42332824889325948448
21 10.07454288136507614126
22 9.62152423134796030979
23 9.06776015251719336163
24 8.41778083137294785843
25 7.67712390870353011962
26 6.85228917772038226275
27 5.95068320765019898033
28 4.98055434580281186641
29 3.95091865187892299360
30 2.87147741449700610872
31 1.75252699059629990508
32 0.60486179255062366700
33 -0.56032867540101549686
34 -1.73156776127816081079
35 -2.89720356040129622954
36 -4.04552368191165001576
37 -5.16487176781799028902
38 -6.24376461690521455949
39 -7.27100874831425869615
40 -8.23581523355425026978
41 -9.12791163131110039330
42 -9.93764987673240796084
43 -10.65610900584060338758
44 -11.27519163618147501893
45 -11.78771317646394045653
46 -12.18748280038459164132
47 -12.46937529254060272876
48 -12.62939295669276873468
49 -12.66471686791952855344
50 -12.57374684957935961904
51 -12.35612966255999545240
52 -12.01277500704483891525
53 -11.54585905490408137553
54 -10.95881535269287532230
55 -10.25631305993262820664
56 -9.44422261364545256868
57 -8.52956903675895183881
58 -7.52047323373599585494
59 -6.42608174034545065467
60 -5.25648551461754465208
61 -4.02262847148618440940
62 -2.73620657320864868467
63 -1.40955839021625140006
64 -0.05554814149176756644
65 1.31255769113487885669
66 2.68121900517644284889
67 4.03675474230665809472
68 5.36547828938510917851
69 6.65383428904049356589
70 7.88853550580202700360
71 9.05669837967315594085
72 10.14597589848626313369
73 11.14468643350264009939
74 12.04193720953415436270
75 12.82774112123064114144
76 13.49312566083178666076
77 14.03023278922062644369
78 14.43240866100114772053
79 14.69428220488946301714
80 14.81183166216776569968
81 14.78243829739717440930
82 14.60492661600490649221
83 14.27959055163866608495
84 13.80820522111237735885
85 13.19402398506970186531
86 12.44176069681590135474
87 11.55755716871140492685
88 10.54893603363874809986
89 9.42473932687897786309
90 8.19505325978282073152
91 6.87111979941787343051
92 5.46523580645509809983
93 3.99064061549814352858
94 2.46139306647663813621
95 0.89223911130015109983
96 -0.70152877454110229571
97 -2.30421905149535710677
98 -3.89989404070420109250
99 -5.47252683939809170255
100 -7.00616069768494043046
101 -8.48506928757780798378
102 -9.89391627049382549330
103 -11.21791256053406549142
104 -12.44296968786936830043
105 -13.55584768959932873145
106 -14.54429599445059650975
107 -15.39718582240586997045
108 -16.10463269041663636472
109 -16.65810770020334530273
110 -17.05053638308588759287
111 -17.27638398896639770896
112 -17.33172623101604870044
113 -17.21430463317603454243
114 -16.92356577302586018163
115 -16.46068386654392767809
116 -15.82856630233173511613
117 -15.03184189945410231815
118 -14.07683183355315215124
119 -12.97150334865766119208
120 -11.72540654542663851601
121 -10.34959470870903963657
122 -8.85652880653717389237
123 -7.25996695727821883537
124 -5.57483981995389132891
125 -3.81711301305678185614
126 -2.00363780796013335461
127 -0.15199147273291702120
128 1.71969124057390065907
129 3.59289386860804782486
130 5.44889958423645559549
131 7.26897636117878320761
132 9.03456414227874660128
133 10.72746215976692241156
134 12.33001453583231032951
135 13.82529229030002859702
136 15.19726989940942374346
137 16.43099458561581727167
138 17.51274657282811730852
139 18.43018861418426013188
140 19.17250318981212231506
141 19.73051587929814232325
142 20.09680353688603915430
143 20.26578603568095360288
144 20.23380049910700861915
145 19.99915710217625530731
146 19.56217570025443208692
147 18.92520272731084673978
148 18.09260799736471625465
149 17.07076124014547602314
150 15.86798840295258905542
151 14.49450795335824793142
152 12.96234761973438054383
153 11.28524220657693000192
154 9.47851331722213608089
155 7.55893200580157298418
156 5.54456556120878829574
157 3.45460979655798805510
158 1.30920837629509989597
159 -0.87073914193336809930
160 -3.06377874392478677379
161 -5.24811095449687137204
162 -7.40180537762970836013
163 -9.50301869121757647463
164 -11.53021395102914858910
165 -13.46237902392854479672
166 -15.27924195731764811512
167 -16.96148110046746637636
168 -18.49092782404410684194
169 -19.85075973661607307008
170 -21.02568237094759950878
171 -22.00209740791296653128
172 -22.76825562116885492969
173 -23.31439286034561320093
174 -23.63284754331068526767
175 -23.71815829767229999447
176 -23.56714057660080996470
177 -23.17894127255259562048
178 -22.55507056273837207527
179 -21.69941044019862275150
180 -20.61819961203148920958
181 -19.31999467946237203364
182 -17.81560775077293712343
183 -16.11802087528888094425
184 -14.24227792229709521621
185 -12.20535476055242085636
186 -10.02600881958477430089
187 -7.72460933101160396319
188 -5.32294975424258609564
189 -2.84404408416345155786
190 -0.31190891654189156768
191 2.24866669192130297361
192 4.81236138954991687910
193 7.35356942025931736850
194 9.84665383707321950624
195 12.26620255968452788409
196 14.58728474392510321422
197 16.78570490256883473990
198 18.83825221377331260442
199 20.72294247595210237023
200 22.41925021599315925869
201 23.90832853127469448395
