1 0.00000000000000000000
2 0.00000000000000000000
3 -1.00000000000000000000
4 -2.01000000000000511591
5 -3.03010000000001866738
6 -4.06040100000002723846
7 -5.10100501000000861040
8 -6.15201506010001253344
9 -7.21353521070102488011
10 -8.28567056280806468749
11 -9.36852726843613936580
12 -10.46221254112052179153
13 -11.56683466653171876715
14 -12.68250301319702089131
15 -13.80932804332898911071
16 -14.94742132376228482826
17 -16.09689553699990938185
18 -17.25786449236990449663
19 -18.43044313729362215781
20 -19.61474756866654445275
21 -20.81089504435320236553
22 -22.01900399479673353653
23 -23.23919403474471323534
24 -24.47158597509215383070
25 -25.71630183484307963226
26 -26.97346485319152975535
27 -28.24319950172343851591
28 -29.52563149674065812178
29 -30.82088781170804736576
30 -32.12909668982516109281
31 -33.45038765672339309276
32 -34.78489153329061878139
33 -36.13274044862356504382
34 -37.49406785310975465109
35 -38.86900853164084423952
36 -40.25769861695724216588
37 -41.66027560312679156596
38 -43.07687835915805862896
39 -44.50764714274964717333
40 -45.95272361417713113951
41 -47.41225085031891239851
42 -48.88637335882211232274
43 -50.37523709241034453044
44 -51.87898946333444882839
45 -53.39777935796780639066
46 -54.93175715154745830660
47 -56.48107472306293175279
48 -58.04588547029356959683
49 -59.62634432499649506099
50 -61.22260776824649042283
51 -62.83483384592895504284
52 -64.46318218438821645577
53 -66.10781400623210402046
54 -67.76889214629443358717
55 -69.44658106775733585891
56 -71.14104687843490637533
57 -72.85245734721925714439
58 -74.58098192069147103211
59 -76.32679173989839682690
60 -78.09005965729738818482
61 -79.87096025387032227627
62 -81.66966985640902976229
63 -83.48636655497310243845
64 -85.32123022052286387407
65 -87.17444252272809990245
66 -89.04618694795539113329
67 -90.93664881743495698174
68 -92.84601530560934179448
69 -94.77447545866544942328
70 -96.72222021325211471776
71 -98.68944241538457617935
72 -100.67633683953840773029
73 -102.68310020793379067072
74 -104.70993121001311010332
75 -106.75703052211326848919
76 -108.82460082733439321601
77 -110.91284683560772350575
78 -113.02197530396381353057
79 -115.15219505700346758204
80 -117.30371700757351050015
81 -119.47675417764921235175
82 -121.67152171942569793828
83 -123.88823693661998959215
84 -126.12711930598618437216
85 -128.38839049904606781638
86 -130.67227440403655691625
87 -132.97899714807692816976
88 -135.30878711955770654640
89 -137.66187499075329014886
90 -140.03849374066081168166
91 -142.43887867806745362032
92 -144.86326746484809291360
93 -147.31190013949662898085
94 -149.78501914089153501664
95 -152.28286933230049271515
96 -154.80569802562348513675
97 -157.35375500587974784139
98 -159.92729255593854986728
99 -162.52656548149798254599
100 -165.15183113631297828761
101 -167.80334944767605520610
102 -170.48138294215283394806
103 -173.18619677157437308779
104 -175.91805873929013159795
105 -178.67723932668309316796
106 -181.46401171994989454106
107 -184.27865183714936847537
108 -187.12143835552086557072
109 -189.99265273907599294034
110 -192.89257926646672558491
111 -195.82150505913136839808
112 -198.77972010972274574669
113 -201.76751731081992602412
114 -204.78519248392814233739
115 -207.83304440876736407517
116 -210.91137485285509001187
117 -214.02048860138364716477
118 -217.16069348739745237253
119 -220.33230042227143030686
120 -223.53562342649411220918
121 -226.77097966075905333128
122 -230.03868945736661544288
123 -233.33907635194026397585
124 -236.67246711545976722846
125 -240.03919178661431033106
126 -243.43958370448046935053
127 -246.87397954152532975058
128 -250.34271933694060408016
129 -253.84614653031002262651
130 -257.38460799561312342121
131 -260.95845407556919326453
132 -264.56803861632488406030
133 -268.21371900248811925849
134 -271.89585619251300840915
135 -275.61481475443815725157
136 -279.37096290198257975135
137 -283.16467253100239531705
138 -286.99631925631234707907
139 -290.86628244887549499254
140 -294.77494527336426699549
141 -298.72269472609798413032
142 -302.70992167335901967817
143 -306.73702089009259452723
144 -310.80439109899350569322
145 -314.91243500998336912744
146 -319.06155936008326534647
147 -323.25217495368411846357
148 -327.48469670322106139793
149 -331.75954367025326519069
150 -336.07713910695582626431
151 -340.43791049802541692770
152 -344.84228960300566768638
153 -349.29071249903574880591
154 -353.78361962402607332479
155 -358.32145582026629426764
156 -362.90467037846889297725
157 -367.53371708225358815980
158 -372.20905425307614677877
159 -376.93114479560682639203
160 -381.70045624356288271883
161 -386.51746080599855304172
162 -391.38263541405854084587
163 -396.29646176819903757860
164 -401.25942638588105637609
165 -406.27202064973982942320
166 -411.33474085623726068661
167 -416.44808826479970775836
168 -421.61256914744762980263
169 -426.82869483892193329666
170 -432.09698178731116513518
171 -437.41795160518427110219
172 -442.79213112123625251115
173 -448.22005243244848315953
174 -453.70225295677289523155
175 -459.23927548634071627021
176 -464.83166824120405635767
177 -470.47998492361614353285
178 -476.18478477285236749594
179 -481.94663262058088548656
180 -487.76609894678665568790
181 -493.64375993625446881197
182 -499.58019753561700326827
183 -505.57599951097313351056
184 -511.63175950608285802446
185 -517.74807710114362180320
186 -523.92555787215496820863
187 -530.16481345087652243819
188 -536.46646158538544568728
189 -542.83112620123938540928
190 -549.25943746325162919675
191 -555.75203183788426031242
192 -562.30955215626306653576
193 -568.93264767782557100873
194 -575.62197415460389038344
195 -582.37819389615003728977
196 -589.20197583511151151470
197 -596.09399559346252317482
198 -603.05493554939721434494
199 -610.08548490489101823187
200 -617.18633975393981927482
201 -624.35820315147930159583
