1 10.00000000000000000000
2 10.00000000000000000000
3 9.90000000000000035527
4 9.70000000000000106581
5 9.40100000000000157740
6 9.00500000000000078160
7 8.51499000000000094701
8 7.93493000000000137106
9 7.26972010000000157248
10 6.52516090000000126281
11 5.70790449900000140815
12 4.82539648900000095466
13 3.88580943401000045156
14 2.89796841413000016985
15 1.87126929990989987473
16 0.81559050154849965786
17 -0.25880098981199961550
18 -1.34134838618798379883
19 -2.42130777266584829022
20 -3.48785367528183254393
21 -4.53018650017115831474
22 -5.53764078830766592887
23 -6.49979321144246213748
24 -7.40656922669418182892
25 -8.24834730983147679240
26 -9.01605970070182927145
27 -9.70128861847386758654
28 -10.29635693923888695167
29 -10.79441237381916884885
30 -11.18950423900706070413
31 -11.47665198045676149263
32 -11.65190467951639163857
33 -11.71239085877145313930
34 -11.65635799123135107891
35 -11.48320121510353430949
36 -11.19348085906340450890
37 -10.78892849087223915205
38 -10.27244131409043959025
39 -9.64806485239991751257
40 -8.92096397756849235350
41 -8.09738245421306679361
42 -7.18459129108195693192
43 -6.19082630340871631347
44 -5.12521540282465615235
45 -3.99769623920650829518
46 -2.81892492156011442717
47 -1.60017664152165517422
48 -0.35323911226759485693
49 0.90970018340168201654
50 2.17617187019363500511
51 3.43354655515157114465
52 4.66915952140757095634
53 5.87043702211205520314
54 7.02502292760246316305
55 8.12090446287175105056
56 9.14653576886501440413
57 10.09095803022955983863
58 10.94391493390545555542
59 11.69596225727905469682
60 12.33857043131359887411
61 12.86421898277535369459
62 13.26648182992397195790
63 13.54010248724483744809
64 13.68105832626646289896
65 13.68661314041563947796
66 13.55535737130215245827
67 13.28723547078450906156
68 12.88355999655384387381
69 12.34701216761533260069
70 11.68162873871128226710
71 10.89277518813107903384
72 9.98710535016376255157
73 8.97250776031513552766
74 7.85803911696487134009
75 6.65384539601145608145
76 5.37107128388839161204
77 4.02175871780521276833
78 2.61873543888315030159
79 1.17549457278303548513
80 -0.29393364770591090540
81 -1.77511681392268760860
82 -3.25336064366240496071
83 -4.71385330526289614284
84 -6.14181236042676292897
85 -7.52263288253800066485
86 -8.84203528104497138429
87 -10.08621135072656116449
88 -11.24196706759770236772
89 -12.29686067096157664480
90 -13.23933460364947478638
91 -14.05883992962775685953
92 -14.74595190956954482431
93 -15.29247549021505392375
94 -15.69153955176486903156
95 -15.93767885841253217905
96 -16.02690276954254855468
97 -15.95674989208843896904
98 -15.72632798693890343600
99 -15.33633858286848372643
100 -14.78908589892867375681
101 -14.08846982916018042431
102 -13.23996290040239998120
103 -12.25057127335301743187
104 -11.12878001729961141564
105 -9.88448304851267423032
106 -8.52889827955274171245
107 -7.07446868010768170620
108 -5.53475009786709470916
109 -3.92428682882543089505
110 -2.25847605880509627596
111 -0.55342242049650747227
112 1.17421597840013247627
113 2.90738860150173739072
114 4.62881906481934102260
115 6.32117564212192739603
116 7.96724402877631998621
117 9.55010065900949456363
118 11.05328484895490426254
119 12.46096803231021965530
120 13.75811836717598524160
121 14.93065902171864856030
122 15.96561849258955234632
123 16.85127137324327151191
124 17.57726806897109383954
125 18.13475205096648323888
126 18.51646335227216155772
127 18.71682713306817547050
128 18.73202628034146854930
129 18.56005715628407770623
130 18.20076776942327256847
131 17.65587781099962683129
132 16.92898017488174744472
133 16.02552376065387207404
134 14.95277754467717912235
135 13.71977609109394791176
136 12.33724686206394594024
137 10.81751987212300392116
138 9.17442041356142112818
139 7.42314575627860939733
140 5.58012689486018320650
141 3.66287657587897097500
142 1.68982498794915669826
143 -0.31985536573944739480
144 -2.34643396930754288832
145 -4.36981401921824375023
146 -6.36972972943586945860
147 -8.32594729946131195675
148 -10.21846757219239698600
149 -12.02772837192886967728
150 -13.73480449594341834541
151 -15.32160333623867742858
152 -16.77105413157450186645
153 -18.06728889354793921029
154 -19.19581311420563096704
155 -20.14366444592784333167
156 -20.89955764650800063009
157 -21.45401420262887981494
158 -21.79947518228467728818
159 -21.93039601991418763305
160 -21.84332210572085131162
161 -21.53694423132837343360
162 -21.01213313587868469767
163 -20.27195259811571403930
164 -19.32165072899395497075
165 -18.16862933389104028947
166 -16.82239143149818616507
167 -15.29446723576642064302
168 -13.59831912571967293957
169 -11.74922634331526261064
170 -9.76415036965365601418
171 -7.66158213255889641857
172 -5.46137239176759958781
173 -3.18454682965071400602
174 -0.85310754361615259711
175 1.51017721071491584084
176 3.88199304048214610674
177 6.23870709814222657030
178 8.55660122539748613235
179 10.81210828167132298461
180 12.98204932569118597030
181 15.04386928689433489126
182 16.97586875484057244989
183 18.75742952991786438588
184 20.36923161744675070395
185 21.79345940967645844921
186 23.01399488573170160066
187 24.01659576769018045184
188 24.78905670079134182515
189 25.32135167621559901363
190 25.60575608463194541287
191 25.63694697628613283769
192 25.41208030709400134128
193 24.93084416813901071919
194 24.19548722611308022579
195 23.21082184240575685408
196 21.98420158643730459858
197 20.52547311204479285607
198 18.84690262178790831626
199 16.96307740041057599001
200 14.89078315281536646353
201 12.64885813121605018239
