1 0.00000000000000000000
2 0.04905155377035796960
3 0.09573488928390005981
4 0.13864045635790844813
5 0.17643372154589442857
6 0.20787710200495546076
7 0.23185039135956664325
8 0.24736939900759757904
9 0.25360254897922018813
10 0.24988521226349380555
11 0.23573157710331216208
12 0.21084389473793230252
13 0.17511897302653967046
14 0.12865182687701137709
15 0.07173643197515233716
16 0.00486356649321573187
17 -0.07128423622117396885
18 -0.15584056298768245163
19 -0.24776572599679624886
20 -0.34585996378297068077
21 -0.44877906965948843876
22 -0.55505224721460777459
23 -0.66310196289405443082
24 -0.77126553900137029274
25 -0.87781820696261458892
26 -0.98099732071407785838
27 -1.07902741382741673704
28 -1.17014577168659972273
29 -1.25262818182918600485
30 -1.32481452156444134971
31 -1.38513384223660018790
32 -1.43212861401572055797
33 -1.46447780382248815556
34 -1.48101847182823931348
35 -1.48076558876909025741
36 -1.46292979687763757823
37 -1.42693286132648644582
38 -1.37242058641136743802
39 -1.29927300095560926962
40 -1.20761165023466432444
41 -1.09780386671046414904
42 -0.97046392861529007234
43 -0.82645105349695402452
44 -0.66686421277729257540
45 -0.49303379271996128352
46 -0.30651016648006379484
47 -0.10904928064635655005
48 0.09740460257965111168
49 0.31073883014984038375
50 0.52869473808930944614
51 0.74889224272309062869
52 0.96885637001901381282
53 1.18604542358554043702
54 1.39788046899392082167
55 1.60177579291431726460
56 1.79516998031223895538
57 1.97555724184636272156
58 2.14051861679564847663
59 2.28775267442728846845
60 2.41510533875139277171
61 2.52059846809571297399
62 2.60245683182492548724
63 2.65913314172337056362
64 2.68933081490673675518
65 2.69202416842744973735
66 2.66647577274405644943
67 2.61225072164680138798
68 2.52922760973853222310
69 2.41760604479445984083
70 2.27791056086454002383
71 2.11099083840901791120
72 1.91801817961714604621
73 1.70047822987917651716
74 1.46015997967657318313
75 1.19914112443144427189
76 0.91976990261714419717
77 0.62464357418516236464
78 0.31658374162451807798
79 -0.00139124573079418834
80 -0.32609652764333901809
81 -0.65421329960955709737
82 -0.98232337082214327140
83 -1.30694534786313987240
84 -1.62457205622634726083
85 -1.93170879365745040701
86 -2.22491199562155328451
87 -2.50082788414669732191
88 -2.75623066698371932404
89 -2.98805985455010603147
90 -3.19345626751743338900
91 -3.36979631813297952903
92 -3.51472416335677451116
93 -3.62618134751203058386
94 -3.70243357620438562350
95 -3.74209429152662664819
96 -3.74414475074673003263
97 -3.70795034644753762620
98 -3.63327294507507225774
99 -3.52027906264919465684
100 -3.36954374055197636295
101 -3.18205003036360434265
102 -2.95918404416688041181
103 -2.70272557507497968032
104 -2.41483434142609665329
105 -2.09803195659836383413
106 -1.75517977419357729119
107 -1.38945280488783007300
108 -1.00430994603069723148
109 -0.60346080758796971644
110 -0.19082945778374904577
111 0.22948455164896028324
112 0.65324748777691676871
113 1.07613464459487362390
114 1.49377501068576723497
115 1.90179693023522977668
116 2.29587427623998330262
117 2.67177264487134857873
118 3.02539507532420470781
119 3.35282680018488754570
120 3.65037853741788875794
121 3.91462784647194173004
122 4.14245808765416256847
123 4.33109454567197094121
124 4.47813730489604999718
125 4.58159049519885019919
126 4.63988756286548387209
127 4.65191226070226626632
128 4.61701509468190085528
129 4.53502501082239373176
130 4.40625615502109280186
131 4.23150958974644986199
132 4.01206990429285692557
133 3.74969670917192843262
134 3.44661105957636015873
135 3.10547690713062163326
136 2.72937773275458051003
137 2.32178856583384485290
138 1.88654364544630892553
139 1.42780002758648061345
140 0.94999748762828106763
141 0.45781510917149426110
142 -0.04387501154097689371
143 -0.55005648269788742777
144 -1.05561926347726275921
145 -1.55541172402182437118
146 -2.04429358401422955893
147 -2.51718918181581852167
148 -2.96914051862300398810
149 -3.39535952040906607863
150 -3.79127896460898661246
151 -4.15260152856207209737
152 -4.47534643258014064315
153 -4.75589317202471661972
154 -4.99102185976111734078
155 -5.17794973255741108886
156 -5.31436341210273432978
157 -5.39844655296901709818
158 -5.42890255561997658873
159 -5.40497207202228135969
160 -5.32644508403633487603
161 -5.19366739002155508587
162 -5.00754139241736773158
163 -4.76952113786434139797
164 -4.48160162110048077011
165 -4.14630242378305879924
166 -3.76664581891892957799
167 -3.34612953010865865622
168 -2.88869439170252784166
169 -2.39868721062409306910
170 -1.88081918245423773683
171 -1.34012026282743046401
172 -0.78188993974642007068
173 -0.21164489258476815170
174 0.36493594112506921867
175 0.94206833992198935057
176 1.51392123794216848509
177 2.07467603534877298443
178 2.61858617268695370583
179 3.14003635584448836937
180 3.63360081830096692812
181 4.09410001372706311429
182 4.51665514471597973056
183 4.89673995239129755674
184 5.23022921667268647639
185 5.51344344786338957931
186 5.74318928665823591473
187 5.91679517130698506833
188 6.03214187709720128794
189 6.08768758408496246659
190 6.08248718359341111750
191 6.01620559187057857287
192 5.88912489986356479932
193 5.70214525071032163339
194 5.45677940063321642583
195 5.15514098378207741291
196 4.79992656655004701349
197 4.39439164130029347177
198 3.94232077262572655485
199 3.44799217055714191105
200 2.91613702389465778708
201 2.35189398244328096155
