1 0.00000000000000000000
2 0.00823515656729145729
3 0.02610120913677049792
4 0.05313752430973917029
5 0.08870125893455282906
6 0.13197837020019953513
7 0.18199714233480079884
8 0.23764403337762818325
9 0.29768161554670147240
10 0.36076835578199251131
11 0.42547995942831473570
12 0.49033198001191991011
13 0.55380338189580946562
14 0.61436073045859096453
15 0.67048267646853787483
16 0.72068439760609770417
17 0.76354166065977580047
18 0.79771417276616851666
19 0.82196789911684042806
20 0.83519603769424044515
21 0.83643835865810700625
22 0.82489863676842567486
23 0.79995992944153027082
24 0.76119748039251611260
25 0.70838905898180648535
26 0.64152257798538769862
27 0.56080086714667043424
28 0.46664351611872767478
29 0.35968573782521628956
30 0.24077424139913583545
31 0.11096014223476968752
32 -0.02851102515929043735
33 -0.17621208835549201366
34 -0.33054967278613700543
35 -0.48978211791941550501
36 -0.65203966694426895856
37 -0.81534669279509763840
38 -0.97764569586223526443
39 -1.13682278438563866274
40 -1.29073432762151263375
41 -1.43723445466848964713
42 -1.57420305856157050073
43 -1.69957395606234129559
44 -1.81136284861876095675
45 -1.90769472931294625795
46 -1.98683038428598113256
47 -2.04719164509923690076
48 -2.08738506068474372057
49 -2.10622367382660602431
50 -2.10274660732516771589
51 -2.07623618890414540772
52 -2.02623237126116340079
53 -1.95254423412719813058
54 -1.85525838844444646014
55 -1.73474413841651298185
56 -1.59165529482059753263
57 -1.42692857216550716970
58 -1.24177854257826858486
59 -1.03768916023805601867
60 -0.81640191127174732699
61 -0.57990068479944056890
62 -0.33039350079123308568
63 -0.07029126909612792851
64 0.19781620902959151653
65 0.47118675077557381492
66 0.74695453469517403278
67 1.02216076915694742411
68 1.29378595292767784031
69 1.55878337227739649506
70 1.81411346073440560289
71 2.05677863353789192047
72 2.28385819912766763196
73 2.49254294481609584011
74 2.68016899319676049629
75 2.84425052989613558196
76 2.98251101195394241472
77 3.09291247935767721344
78 3.17368260993740314291
79 3.22333917977772088648
80 3.24071161730459333938
81 3.22495936898834845152
82 3.17558682785897161693
83 3.09245461240336005915
84 2.97578702251655347055
85 2.82617554058736697442
86 2.64457828906213254783
87 2.43231540047370753399
88 2.19106030145343488869
89 1.92282695815587700849
90 1.62995317630647651441
91 1.31508009421657501292
92 0.98112805108796630194
93 0.63126905524988297103
94 0.26889611715020689253
95 -0.10241025050428795296
96 -0.47891802853425241571
97 -0.85678181499658134790
98 -1.23208268155240574515
99 -1.60086934412241399528
100 -1.95920021078617923038
101 -2.30318585588657143148
102 -2.62903146016919597727
103 -2.93307875265609663273
104 -3.21184699090410052946
105 -3.46207252235741957946
106 -3.68074648064094755995
107 -3.86515018676926658259
108 -4.01288784622480321218
109 -4.12191615849129622262
110 -4.19057048566757917030
111 -4.21758726093399616275
112 -4.20212235555485769112
113 -4.14376516438740249981
114 -4.04254821410356068867
115 -3.89895214505379517078
116 -3.71390596642033266050
117 -3.48878253450397490809
118 -3.22538925512867624690
119 -2.92595406268192892441
120 -2.59310677968028979734
121 -2.22985601139960554207
122 -1.83956177948517796139
123 -1.42590414601489134938
124 -0.99284812470163630316
125 -0.54460521828570063185
126 -0.08559196020664749938
127 0.37961412608594685691
128 0.84632070572793738350
129 1.30976847792868977827
130 1.76518019563247796633
131 2.20781035004640369124
132 2.63299499947071025119
133 3.03620121609594439960
134 3.41307562424368882148
135 3.75949150896174355552
136 4.07159398491903079531
137 4.34584273209801619231
138 4.57905182671164112662
139 4.76842622287766371159
140 4.91159447260937920277
141 5.00663730831763853502
142 5.05211175290318781350
143 5.04707046724192132103
144 4.99107609297643239898
145 4.88421039953464752870
146 4.72707809767598519102
147 4.52080523706488079938
148 4.26703216181600097912
149 3.96790105505364376626
150 3.62603816067847128934
151 3.24453082713249507663
152 2.82689957339586817042
153 2.37706543114258916916
154 1.89931286834891155380
155 1.39824864813125504526
156 0.87875702166081093303
157 0.34595169516420065658
158 -0.19487495218352210435
159 -0.73830489064863169535
160 -1.27884916691095584795
161 -1.81100377849848404033
162 -2.32930612285650973092
163 -2.82839143842531060002
164 -3.30304865134784053637
165 -3.74827504379578391180
166 -4.15932916839671840137
167 -4.53178144781295166865
168 -4.86156191904347245725
169 -5.14500460831209771584
170 -5.37888805422300020354
171 -5.56047153390603110523
172 -5.68752658877842165452
173 -5.75836349290459104111
174 -5.77185235727988121823
175 -5.72743861719237568053
176 -5.62515270658486166155
177 -5.46561378246889351118
178 -5.25002742332967109462
179 -4.98017728747760646257
180 -4.65841077980868689679
181 -4.28761883778193819694
182 -3.87121000895752542803
183 -3.41307905251813492598
184 -2.91757035518621421488
185 -2.38943650723626621613
186 -1.83379243629585686470
187 -1.25606554477429188665
188 -0.66194234053446265875
189 -0.05731208935486287182
190 0.55179194861279845519
191 1.15925310817459825685
192 1.75893312195381934515
193 2.34473450869737076729
194 2.91066290954336626129
195 3.45088873190417366743
196 3.95980746436428221458
197 4.43209803633415866386
198 4.86277861306342451542
199 5.24725923985427478158
200 5.58139077871817690379
201 5.86150961600871411861
