1 0.00000000000000000000
2 0.00000000000000000000
3 0.99009900990100163654
4 1.97039505930793268362
5 2.94098520723555623135
6 3.90196555171834802422
7 4.85343123932513265117
8 5.79547647457933123860
9 6.72819452928646910550
10 7.65167775176878706134
11 8.56601757600870428178
12 9.47130453070168698559
13 10.36762824821950346177
14 11.25507747348466125459
15 12.13374007275709232090
16 13.00370304233373985880
17 13.86505251716211262192
18 14.71787377936841778592
19 15.56225126670140923579
20 16.39826858089250549710
21 17.22600849593318628195
22 18.04555296627049187919
23 18.85698313492127908830
24 19.66037934150622845664
25 20.45582113020417125426
26 21.24338725762788726570
27 22.02315570062167182641
28 22.79520366398186581591
29 23.55960758810084598736
30 24.31644315653547039346
31 25.06578530350049049957
32 25.80770822128761210479
33 26.54228536761149825907
34 27.26958947288265733278
35 27.98969254740856626995
36 28.70266588852334166404
37 29.40858008764686815084
38 30.10750503727413729393
39 30.79950993789519486654
40 31.48466330484673392220
41 32.16303297509577419078
42 32.83468611395620939675
43 33.49968922173883356663
44 34.15810814033548581392
45 34.81000805973809519855
46 35.45545352449315146259
47 36.09450844009222691966
48 36.72723607929923872462
49 37.35369908841509101194
50 37.97395949348029375869
51 38.58807870641612680629
52 39.19611753110506668918
53 39.79813616941095233415
54 40.39419422713955754034
55 40.98435071994015288510
56 41.56866407914867522777
57 42.14719215757294534797
58 42.71999223522072952619
59 43.28712102497102875986
60 43.84863467818913562724
61 44.40458879028626881791
62 44.95503840622403401994
63 45.50003802596439328454
64 46.03964160986573972423
65 46.57390258402548255390
66 47.10287384556978906858
67 47.62660776789088146188
68 48.14515620583256350073
69 48.65857050082432522231
70 49.16690148596467935249
71 49.67019949105413445523
72 50.16851434757835193068
73 50.66189539364192739868
74 51.15039147885339332333
75 51.63405096916177683397
76 52.11292175164531670362
77 52.58705123925279423247
78 53.05648637549781199141
79 53.52127363910675228453
80 53.98145904862055033391
81 54.43708816695103536176
82 54.88820610589211668184
83 55.33485753058624823097
84 55.77708666394677550215
85 56.21493729103641356915
86 56.64845276340238910961
87 57.07767600336870117417
88 57.50264950828584176179
89 57.92341535473845937076
90 58.34001520271134921813
91 58.75249029971421066421
92 59.16088148486554842975
93 59.56522919293620077497
94 59.96557345835266517042
95 60.36195391916105279506
96 60.75440982095152975262
97 61.14298002074409055240
98 61.52770299083572780319
99 61.90861682260963760882
100 62.28575923030658145763
101 62.65916755475898725081
102 63.02887876708810921400
103 63.39492947236446696024
104 63.75735591323215345483
105 64.11619397349717530687
106 64.47147918168036540010
107 64.82324671453503128760
108 65.17153140052973014917
109 65.51636772329676716708
110 65.85778982504631073880
111 66.19583150994684217494
112 66.53052624747212462353
113 66.86190717571496122673
114 67.19000710466828252265
115 67.51485851947354888125
116 67.83649358363716430631
117 68.15494414221501529028
118 68.47024172496536209565
119 68.78241754947066510795
120 69.09150252422837468202
121 69.39752725171126712667
122 69.70052203139729840586
123 70.00051686276960083433
124 70.29754144828673645407
125 70.59162519632349130916
126 70.88279722408266536604
127 71.17108636047788650103
128 71.45652114898801698928
129 71.73912985048318091685
130 72.01894044602295252844
131 72.29598063962669129978
132 72.57027786101652111483
133 72.84185926833319513207
134 73.11075175082494581602
135 73.37698193150984593558
136 73.64057616981172316173
137 73.90156056417002616854
138 74.15996095462378434604
139 74.41580292537008745057
140 74.66911180729711361437
141 74.91991268049218888336
142 75.16823037672494933759
143 75.41408948190589001115
144 75.65751433852068430497
145 75.89852904804028810304
146 76.13715747330721228536
147 76.37342324089823364375
148 76.60734974346360104391
149 76.83896014204316315954
150 77.06827736835955988681
151 77.29532412708867639139
152 77.52012289810760137243
153 77.74269593872040218230
154 77.96306528586178785645
155 78.18125275827900111381
156 78.39727995869208143631
157 78.61116827593275502295
158 78.82293888706212214856
159 79.03261275946744035537
160 79.24021065293807453145
161 79.44575312172086967166
162 79.64926051655531580309
163 79.85075298668843402083
164 80.05025048186972469466
165 80.24777275432646206355
166 80.44333936071927837475
167 80.63696966407849231473
168 80.82868283572128120795
169 81.01849785714978224860
170 81.20643352193047803667
171 81.39250843755493747267
172 81.57674102728211096291
173 81.75914953196247836331
174 81.93975201184403545085
175 82.11856634836043156156
176 82.29561024590141471435
177 82.47090123356575475100
178 82.64445666689678660077
179 82.81629372960077262178
180 82.98642943524829718172
181 83.15488062895870768898
182 83.32166398906802839974
183 83.48679602878021910328
184 83.65029309780220501125
185 83.81217138396257837485
186 83.97244691481444078818
187 84.13113555922221564742
188 84.28825302893289972417
189 84.44381488013158332251
190 84.59783651498176482164
191 84.75033318315026065193
192 84.90131998331708018668
193 85.05081186467037923649
194 85.19882362838652056780
195 85.34536992909556829545
196 85.49046527633224457077
197 85.63412403597251909559
198 85.77636043165595935989
199 85.91718854619401213313
200 86.05662232296437252899
201 86.19467556729145485406
