1 0.00000000000000000000
2 -0.00166583353171845250
3 -0.01330669204938783601
4 -0.03479793338660419622
5 -0.06581657691349507289
6 -0.10584461395797006844
7 -0.15417526604964670867
8 -0.20992212762309048202
9 -0.27203109100477451676
10 -0.33929491372516906722
11 -0.41037025192103904203
12 -0.48379694928565086798
13 -0.55801933912774082103
14 -0.63140928802907225759
15 -0.70229068372939984499
16 -0.76896504756444805651
17 -0.82973793334479140071
18 -0.88294576025395699048
19 -0.92698271737789461611
20 -0.96032737201911722025
21 -0.98156861310826215572
22 -0.98943056485922475929
23 -0.98279611432129421189
24 -0.96072870960575063037
25 -0.92249210319202745723
26 -0.86756773668082498574
27 -0.79566948943556514706
28 -0.70675554346452251764
29 -0.60103715031988480533
30 -0.47898412235719511898
31 -0.34132690999764081496
32 -0.18905516821773205027
33 -0.02341275887479865592
34 0.15411081984566110670
35 0.34179254013296667125
36 0.53769140501543510879
37 0.73966733486944935549
38 0.94540320782026565638
39 1.15242983888705197160
40 1.35815364171449726172
41 1.55988667823180637839
42 1.75487876608829473923
43 1.94035128170471615761
44 2.11353226868692267715
45 2.27169243756877925478
46 2.41218162373362154938
47 2.53246525620595797079
48 2.63016038105176086503
49 2.70307077956111996286
50 2.74922072333603217942
51 2.76688691592860536161
52 2.75462818376750817606
53 2.71131249770253646147
54 2.63614093045384834113
55 2.52866818437273455089
56 2.38881935794150734864
57 2.21690265803570785152
58 2.01361780775958276735
59 1.78005994620783791760
60 1.51771886631513508448
61 1.22847348949687473763
62 0.91458153048763746185
63 0.57866436204122539966
64 0.22368714633520253576
65 -0.14706564263001298265
66 -0.53001912429835718044
67 -0.92134110717294737114
68 -1.31697908321919854302
69 -1.71270077765448114349
70 -2.10413786192009766296
71 -2.48683239248533194399
72 -2.85628549722756464035
73 -3.20800779501116828385
74 -3.53757100324856210705
75 -3.84066016311441771336
76 -4.11312589308443499192
77 -4.35103606890579008848
78 -4.55072632223116180228
79 -4.70884875114341916458
80 -4.82241824377003958091
81 -4.88885583116333855003
82 -4.90602850755401220795
83 -4.87228498484089200815
84 -4.78648688354938300904
85 -4.64803490418682230256
86 -4.45688957058091350660
87 -4.21358618997017497776
88 -3.91924373281680793468
89 -3.57556739796123146391
90 -3.18484469520383584040
91 -2.74993494700016238852
92 -2.27425218296142528374
93 -1.76174147449551110611
94 -1.21684883140584476635
95 -0.64448485676639588604
96 -0.04998243007681368866
97 0.56095123926573586814
98 1.18228777659494754815
99 1.80773554687898929672
100 2.43080175993190028549
101 3.04485817868427321997
102 3.64320978156515806745
103 4.21916568459878149611
104 4.76611159023368013976
105 5.27758299874291125775
106 5.74733839473399754638
107 6.16943160627788600436
108 6.53828252771481999162
109 6.84874539953847616403
110 7.09617385002213652001
111 7.27648192345936095649
112 7.38620034897613209068
113 7.42252734166281413763
114 7.38337327400489584761
115 7.26739860989707331385
116 7.07404455544732968519
117 6.80355594976687250153
118 6.45699599436265803121
119 6.03625250088624554223
120 5.54403542305609597918
121 4.98386552870446486452
122 4.36005416119092092941
123 3.67767413490968309020
124 2.94252190629560761437
125 2.16107125857340776065
126 1.34041883444784293289
127 0.48822194494399989706
128 -0.38737082637476016878
129 -1.27779561759295212653
130 -2.17415519285981062581
131 -3.06730599291264827144
132 -3.94794949855526944305
133 -4.80672701269493529708
134 -5.63431691386652389042
135 -6.42153339077575768812
136 -7.15942563389340591584
137 -7.83937643705102260583
138 -8.45319914974363406657
139 -8.99323191974332303289
140 -9.45242817586244221673
141 -9.82444232234948522375
142 -10.10370964940687521505
143 -10.28551950851731611181
144 -10.36608085636081710845
145 -10.34257933668338758082
146 -10.21322514500747580257
147 -9.97729100590564677020
148 -9.63513968593518299599
149 -9.18824056639208563979
150 -8.63917490783257058240
151 -7.99162955178679546009
152 -7.25037892313418819157
153 -6.42125531803860738478
154 -5.51110758591565641495
155 -4.52774843834417772825
156 -3.47989074183043989308
157 -2.37707327356315900602
158 -1.22957653843533565308
159 -0.04832936034304147199
160 1.15519293018329416434
161 2.36907778784660960625
162 3.58109120579001150020
163 4.77879882723325977167
164 5.94969123816167932972
165 7.08131220044934384106
166 8.16138853362666694125
167 9.17796031512470378289
168 10.11951004384681418458
169 10.97508940080117412208
170 11.73444224360402188267
171 12.38812248911747637692
172 12.92760557035247259705
173 13.34539219992967318262
174 13.63510323258056899931
175 13.79156449296594288967
176 13.81088052191918791323
177 13.69049629337128770601
178 13.42924606482645444316
179 13.02738864534272167361
180 12.48662849541652164476
181 11.81012221174551690694
182 11.00247009521783425612
183 10.06969265122595480477
184 9.01919202602968894666
185 7.85969853983338939685
186 6.60120263488858149969
187 5.25487271364532659845
188 3.83295949610056307932
189 2.34868767537974187931
190 0.81613579461000385074
191 -0.74989459529177948660
192 -2.33401930972031879108
193 -3.92042013206033024275
194 -5.49300023334425535637
195 -7.03554490810750365881
196 -8.53188604672903494475
197 -9.96606870188742810512
198 -11.32251806025175966397
199 -12.58620510088098676249
200 -13.74280920957641427549
201 -14.77887602399836097788
