1 10.00000000000000000000
2 9.95004165278025887176
3 9.80066577841241581837
4 9.55336489125605936579
5 9.21060994002885102816
6 8.77582561890372758739
7 8.25335614909678305651
8 7.64842187284488517207
9 6.96706709347165542567
10 6.21609968270664481338
11 5.40302305868139765010
12 4.53596121425577436526
13 3.62357754476673621369
14 2.67498828624587359215
15 1.69967142900240819614
16 0.70737201667702687136
17 -0.29199522301289038140
18 -1.28844494295525091587
19 -2.27202094693087541799
20 -3.23289566863503985417
21 -4.16146836547142839891
22 -5.04846104599857881112
23 -5.88501117255346262169
24 -6.66276021279824703925
25 -7.37393715541246130840
26 -8.01143615546934206861
27 -8.56888753368947675426
28 -9.04072142017061608499
29 -9.42222340668658553398
30 -9.70958165149590790577
31 -9.89992496600445548438
32 -9.99135150273279393218
33 -9.98294775794752986542
34 -9.87479769908864568606
35 -9.66798192579460469176
36 -9.36456687290795741774
37 -8.96758416334146168936
38 -8.48100031710407087360
39 -7.90967711914415527730
40 -7.25932304200138656114
41 -6.53643620863610586014
42 -5.74823946533267715608
43 -4.90260821340698615955
44 -4.00799172079974574956
45 -3.07332869978419331858
46 -2.10795799430779684513
47 -1.12152526935054863699
48 -0.12388663462891447153
49 0.87498983439445510157
50 1.86512369422574009192
51 2.83662185463224592041
52 3.77977742712978592721
53 4.68516671300374731857
54 5.54374336179158522242
55 6.34692875942631928865
56 7.08669774291257503762
57 7.75565878510247230793
58 8.34712784839157251326
59 8.85519516941316808811
60 9.27478430744033843780
61 9.60170286650364523950
62 9.83268438442583558867
63 9.96542097023217010587
64 9.99858636383415166904
65 9.93184918758193546751
66 9.76587625728025088279
67 9.50232591958531891407
68 9.14383148235322629205
69 8.69397490349829205059
70 8.15725100125361990422
71 7.53902254343310485041
72 6.84546666442813034337
73 6.08351314532262321677
74 5.26077517381113679562
75 4.38547327574399936623
76 3.46635317835035827727
77 2.51259842582266035294
78 1.53373862037875752229
79 0.53955420562661282613
80 -0.46002125639524527045
81 -1.45500033808601214602
82 -2.43544153735779067560
83 -3.39154860983822858955
84 -4.31376844970607997709
85 -5.19288654116673420447
86 -6.02011902684812305608
87 -6.78720047320001995672
88 -7.48646645597389248650
89 -8.11093014061646577773
90 -8.65435209241104352884
91 -9.11130261884670389350
92 -9.47721602131106877209
93 -9.74843621404160032284
94 -9.92225325452601403242
95 -9.99693042035205969853
96 -9.97172156196379688708
97 -9.84687855794130051379
98 -9.62364879831315001013
99 -9.30426272104760343495
100 -8.89191152625369873874
101 -8.39071529076463029639
102 -7.80568180169195890983
103 -7.14265652027213882036
104 -6.40826417595009711903
105 -5.60984257427246468808
106 -4.75536927996011282715
107 -3.85338190771849342653
108 -2.91289281721365922451
109 -1.94329906455357437345
110 -0.95428851000973646812
111 0.04425697988027693652
112 1.04236026865673925279
113 2.03004863818727798730
114 2.99745343276991205173
115 3.93490866347868051278
116 4.83304758752984131576
117 5.68289629767953208273
118 6.47596338653857017675
119 7.20432478990820168718
120 7.86070296141022861747
121 8.43853958732477771321
122 8.93206111509310574093
123 9.33633644074627788711
124 9.64732617886602206170
125 9.86192302278858967668
126 9.97798279178578795268
127 9.99434585501005656738
128 9.91084871814257084566
129 9.72832565697442319674
130 9.44860038159870541108
131 9.07446781450208916908
132 8.60966616462321887582
133 8.05883957640468651107
134 7.42749172703690874187
135 6.72193083553491721460
136 5.94920663309917774342
137 5.11703992453176415012
138 4.23374544450694401121
139 3.30814877949078844921
140 2.34949818539855881383
141 1.36737218207867017306
142 0.37158384790860132796
143 -0.62791722924048087862
144 -1.62114436499683201021
145 -2.59817356213721550873
146 -3.54924266788671793904
147 -4.46484891412233864116
148 -5.33584386589087689146
149 -6.15352482954691382133
150 -6.90972180719098894031
151 -7.59687912858796998705
152 -8.20813094492647010725
153 -8.73736983011061951743
154 -9.17930780414277691648
155 -9.52952916887168477444
156 -9.78453462818876218421
157 -9.94177625183810853571
158 -9.99968293349339631959
159 -9.95767608873292253691
160 -9.81617543606392217725
161 -9.57659480323396472556
162 -9.24132800073145865838
163 -8.81372490362253202534
164 -8.29805798070670874722
165 -7.69947960542094467229
166 -7.02397057502738864088
167 -6.27828035246413662662
168 -5.46985962794262370323
169 -4.60678587411390871864
170 -3.69768263863199564412
171 -2.75163338051624251079
172 -1.77809071123143613846
173 -0.78678194731864936617
174 0.21238808173621148701
175 1.20943599928452982795
176 2.19439963211438504587
177 3.15743754919223063027
178 4.08892739398863636069
179 4.97956202788400048576
180 5.82044252402110728895
181 6.60316708244069516809
182 7.31991497808937019443
183 7.96352470291916691991
184 8.52756552130867540029
185 9.00640172384765413938
186 9.39524893748253475678
187 9.69022192939048210292
188 9.88837342694145426947
189 9.98772356587210019541
190 9.98727967243501701944
191 9.88704618186669215163
192 9.68802459407210037057
193 9.39220346696869512471
194 9.00253854747302995065
195 8.52292323865460588195
196 7.95814969813939754317
197 7.31386095645491884909
198 6.59649453373453908966
199 5.81321811814427036325
200 4.97185794871192943134
201 4.08082061813379048942
