1 0.00000000000000000000
2 0.99833416646828154750
3 1.98669330795061216399
4 2.95520206661339601695
5 3.89418342308650533568
6 4.79425538604203005377
7 5.64642473395035349171
8 6.44217687237691016833
9 7.17356090899522680360
10 7.83326909627483303211
11 8.41470984807896371649
12 8.91207360061435238663
13 9.32039085967226199614
14 9.63558185417192980537
15 9.85449729988460276786
16 9.97494986604054467705
17 9.99573603041505087674
18 9.91664810452468614699
19 9.73847630878194969739
20 9.46300087687414226423
21 9.09297426825681398554
22 8.63209366648873555050
23 8.08496403819589914974
24 7.45705212176719722805
25 6.75463180551150266240
26 5.98472144103955727701
27 5.15501371821463383327
28 4.27379880233828934877
29 3.34988150155903818828
30 2.39249329213981098974
31 1.41120008059865909011
32 0.41580662433289161672
33 -0.58374143427581415278
34 -1.57745694143249970409
35 -2.55541102026832955829
36 -3.50783227689621490697
37 -4.42520443294854093352
38 -5.29836140908494890311
39 -6.11857890942720672456
40 -6.87766159183975300806
41 -7.56802495307929401491
42 -8.18277111064411322161
43 -8.71575772413588722998
44 -9.16165936749455234178
45 -9.51602073889516120175
46 -9.77530117665097009194
47 -9.93691003633464475797
48 -9.99923257564100786965
49 -9.96164608835840859058
50 -9.82452612624332743962
51 -9.58924274663139009078
52 -9.25814682327733073919
53 -8.83454655720154491405
54 -8.32267442223902698117
55 -7.72764487555989365575
56 -7.05540325570394522003
57 -6.31266637872324398728
58 -5.50685542597641308760
59 -4.64602179413761273707
60 -3.73876664830240956761
61 -2.79415498198930967177
62 -1.82162504272101122282
63 -0.83089402817502600040
64 0.16813900484343496933
65 1.16549204850486587404
66 2.15119988087808566846
67 3.11541363513371072358
68 4.04849920616591063549
69 4.94113351138601242241
70 5.78439764388192934064
71 6.56986598718782399686
72 7.28969040125869849334
73 7.93667863849147181554
74 8.50436620628559225565
75 8.98708095811622342808
76 9.37999976774735166885
77 9.67919672031483635521
78 9.88168233876998591825
79 9.98543345374604385256
80 9.98941341839772611877
81 9.89358246623383585927
82 9.69889810845089428426
83 9.40730556679777407680
84 9.02171833756299434981
85 8.54598908088287956275
86 7.98487112623498784814
87 7.34397097874122994909
88 6.62969230082194016518
89 5.84917192891774639918
90 5.01020856457898489111
91 4.12118485241771104199
92 3.19098362349367281610
93 2.22889914100263242247
94 1.24454423507079336986
95 0.24775425453375524154
96 -0.75151120461791598437
97 -1.74326781222962123863
98 -2.71760626410925354435
99 -3.66479129251910240583
100 -4.57535893775304014497
101 -5.44021110889353476381
102 -6.25070648892866742585
103 -6.99874687593528399532
104 -7.67685809763568816066
105 -8.27826469085641747370
106 -8.79695759971659896337
107 -9.22775421612798396609
108 -9.56635016270181637310
109 -9.80936230066486913870
110 -9.95436253306375107286
111 -9.99990206550703675248
112 -9.94552588203991660976
113 -9.79177729151322040479
114 -9.54019249902096433402
115 -9.19328525664685436425
116 -8.75452174688440543093
117 -8.22828594968722981662
118 -7.61983583919049412003
119 -6.93525084777141564985
120 -6.18137112237054253683
121 -5.36572918000457477206
122 -4.49647464534625296295
123 -3.58229282236853574517
124 -2.63231791365828371454
125 -1.65604175448337409549
126 -0.66321897351229053275
127 0.33623047221108287586
128 1.33232041419914049030
129 2.31509825101509569834
130 3.27474439137664496968
131 4.20167036826613493616
132 5.08661464372347715823
133 5.92073514707198711449
134 6.69569762196578643909
135 7.40375889952427090890
136 8.03784426551601782762
137 8.59161814856479466584
138 9.05954742308448324195
139 9.43695669444093709899
140 9.72007501394968009834
141 9.90607355694865709950
142 9.99309388747916393925
143 9.98026652716363749107
144 9.86771964274619151070
145 9.65657776549286772649
146 9.34895055524695628435
147 8.94791172140519996958
148 8.45746831142953325866
149 7.88252067375339127153
150 7.22881349512001847302
151 6.50287840157145247133
152 5.71196869660019235226
153 4.86398688853832261714
154 3.96740573130647922184
155 3.03118356745739525593
156 2.06467481937834840267
157 1.07753652299482904908
158 0.07963183785976421514
159 -0.91906850227640957129
160 -1.90858581374149260945
161 -2.87903316665026176580
162 -3.82071417183969685993
163 -4.72421986398431670295
164 -5.58052271286746925938
165 -6.38106682347920095566
166 -7.11785342369098117388
167 -7.78352078534276259347
168 -8.37141778019729265736
169 -8.87567033581489894800
170 -9.29124012734357762611
171 -9.61397491879549015437
172 -9.84065005081638233264
173 -9.96900066041594001831
174 -9.99774431073011626836
175 -9.92659380470635710481
176 -9.75626005468162205148
177 -9.48844497918130791447
178 -9.12582449791191763211
179 -8.67202179485590107788
180 -8.13157111661496756483
181 -7.50987246771685512670
182 -6.81313765555510375549
183 -6.04832822406292613948
184 -5.22308589626740626954
185 -4.34565622071903145951
186 -3.42480618469619235711
187 -2.46973661736627780883
188 -1.48999025814202323836
189 -0.49535640878370967854
190 0.50422687806811228306
191 1.49877209662952348701
192 2.47834207982959808803
193 3.43314928819898712575
194 4.35365360372896414987
195 5.23065765157702422528
196 6.05539869719606738130
197 6.81963620068140663477
198 7.51573415352155294045
199 8.13673737507111560774
200 8.67644100641674498320
201 9.12945250727633350607
