1 0.00000000000000000000
2 -0.04995834721974112824
3 -0.09933422158758453691
4 -0.14663510874394170003
5 -0.19039005997115054925
6 -0.22917438109627319420
7 -0.26163385090321789050
8 -0.28650812715511619899
9 -0.30265300652834614681
10 -0.30906121729335644943
11 -0.30488144031860375804
12 -0.28943527474422658941
13 -0.26223188924326423788
14 -0.22298012788412657770
15 -0.17159787090749167859
16 -0.10821848487147278650
17 -0.03319423320089076590
18 0.05290344323273288296
19 0.14928682573497287223
20 0.25495800664679268976
21 0.36871813469972991584
22 0.48917974230908711775
23 0.61478203888899951579
24 0.74380901389593478967
25 0.87441015441901548400
26 1.00462354523248720284
27 1.13240108478439083228
28 1.25563551906827086668
29 1.37218896713258331488
30 1.47992258751115279836
31 1.57672701445230600825
32 1.66055317678359770639
33 1.72944310082392327388
34 1.78156029214270539285
35 1.81521928930892961773
36 1.82891398615544709116
37 1.82134432753077746270
38 1.79144099698636871665
39 1.73838773325576223527
40 1.66164093556710579236
41 1.56094624557696093348
42 1.43635182574927977583
43 1.28821809000173015392
44 1.11722368202491040279
45 0.92436753942231497660
46 0.71096692725231758203
47 0.47865137217110653722
48 0.22935247763868038540
49 -0.03471034900722691496
50 -0.31104817596789491319
51 -0.59692470051932522423
52 -0.88938209427778502913
53 -1.18527030910830788457
54 -1.48127956581087794063
55 -1.77397570344543176191
56 -2.05983802595243936651
57 -2.33529924512708753070
58 -2.59678708551388304215
59 -2.84076708786588660871
60 -3.06378612387326043631
61 -3.26251611627170845509
62 -3.43379744549813636922
63 -3.57468151701266734221
64 -3.68247196243231122992
65 -3.75476395283370401046
66 -3.78948111402190157548
67 -3.78490955119919014749
68 -3.73972851420061758176
69 -3.65303726411704055010
70 -3.52437773745766236289
71 -3.35375264469797418343
72 -3.14163868573563220821
73 -2.88899461499251231089
74 -2.59726394315373454447
75 -2.26837212026745671523
76 -1.90471810553803333477
77 -1.50916029198255241539
78 -1.08499681850439277930
79 -0.63594036715642265900
80 -0.16608760868933436505
81 0.32011647583667546257
82 0.81791910630461428511
83 1.32230469542466755328
84 1.82804391072068295188
85 2.32974634137126646038
86 2.82191625419684832821
87 3.29901087752654120777
88 3.75550061162380988122
89 4.18593053034511086707
90 4.58498251123843125754
91 4.94753731078105296604
92 5.26873588825847605221
93 5.54403927617345360090
94 5.76928629723885499914
95 5.94074843806047248052
96 6.05518120757875166760
97 6.10987133414713845525
98 6.10267918862575342587
99 6.03207586182088029148
100 5.89717437267497501807
101 5.69775453839555012792
102 5.43428109871044107138
103 5.10791475308087861151
104 4.72051584134951429661
105 4.27464047424020954224
106 3.77352899959262888530
107 3.22108677238918827967
108 2.62185728065343548465
109 1.98098776427185652160
110 1.30418754879535980784
111 0.59767940037678446430
112 -0.13185570974339322348
113 -0.87733996331445940342
114 -1.63136563204942897087
115 -2.38626697864324688325
116 -3.13419644124647867045
117 -3.86720436132996248091
118 -4.57732146241633408579
119 -5.25664324240201796812
120 -5.89741540576575662413
121 -6.49211943439387084709
122 -7.03355737749644660539
123 -7.51493493249699362480
124 -7.92994189010507177784
125 -8.27282902817789356220
126 -8.53848056048637360504
127 -8.72248127805811890312
128 -8.82117756219889770364
129 -8.83173149930965450949
130 -8.75216738782456715739
131 -8.58140999649753766221
132 -8.31931401025852856890
133 -7.96668418424918556298
134 -7.52528581764027038048
135 -6.99784525555903069716
136 -6.38804022896476819682
137 -5.70047994759123977104
138 -4.94067496905447711697
139 -4.11499697678782094812
140 -3.23062870946162439267
141 -2.29550439380030102399
142 -1.31824114004055537031
143 -0.30806186350103348381
144 0.72528960431071087811
145 1.77164045708102824150
146 2.82048706154915151956
147 3.86109838533897331558
148 4.88262370630152009454
149 5.87420354238195585594
150 6.82508268875242940510
151 7.72472420765070744153
152 8.56292318664803175920
153 9.32991906343731969287
154 10.01650531006285405056
155 10.61413527705615855723
156 11.11502301831923844588
157 11.51223795079077127923
158 11.79979224879128096859
159 11.97271993118126509614
160 12.02714666965692913436
161 11.96034942809440870803
162 11.77080513514722603929
163 11.45822769449318201396
164 11.02359274828724622353
165 10.46914972847009650536
166 9.79842085647079841237
167 9.01618688330228401639
168 8.12845949777704923633
169 7.14244046920135389200
170 6.06646773102166037006
171 4.90994875204265390778
172 3.68328168053616344935
173 2.39776488233206475087
174 1.06549562535236397309
175 -0.30074121143038601289
176 -1.68759340836776106087
177 -3.08126954894999594003
178 -4.46767383140884977166
179 -5.83254625378732249885
180 -7.16160680167007868135
181 -8.44070220445363972317
182 -9.65595377675120225547
183 -10.79390482699869835415
184 -11.84166609613807530366
185 -12.78705768582880430984
186 -13.61874594824916684388
187 -14.32637383829969834892
188 -14.90068327384988755568
189 -15.33362811034349881822
190 -15.61847641219692839343
191 -15.74990079441944068606
192 -15.72405571302190097072
193 -15.53864070117031559448
194 -15.19294867864005027513
195 -14.68789860375115097213
196 -14.02605188829790705540
197 -13.21161215558987400698
198 -12.25040808805336922660
199 -11.14985928226630562676
200 -9.91892520410343792037
201 -8.56803751308225969296
